0 64
0 75
0 99
0 118
1 51
1 75
2 19
2 61
2 69
2 90
2 96
3 10
3 54
3 96
3 111
4 29
4 52
4 67
5 15
5 24
5 32
5 79
5 80
5 89
5 98
6 52
6 89
6 90
6 93
7 122
8 40
9 29
9 32
9 42
9 47
9 50
9 99
9 177
10 41
10 72
11 17
11 145
12 80
13 14
13 24
13 25
13 95
14 17
14 39
14 63
14 69
14 180
15 59
15 68
16 31
16 52
16 128
17 50
17 56
17 74
17 135
18 28
18 51
18 62
18 172
19 22
19 64
19 73
19 84
19 86
20 31
20 69
20 74
21 87
22 77
22 167
23 61
23 166
24 31
24 54
24 78
25 58
26 45
26 149
26 163
27 45
27 65
27 161
28 38
28 75
28 81
28 126
28 134
29 42
29 97
30 70
30 82
30 180
32 33
32 50
32 86
32 97
33 60
33 63
33 79
33 85
33 97
33 99
33 116
34 62
34 94
35 49
36 40
36 61
36 81
36 157
37 42
38 61
38 156
38 167
39 88
39 95
40 85
40 93
40 99
41 42
41 99
41 153
42 102
42 114
43 61
44 77
44 141
46 56
46 84
46 137
47 57
47 90
47 124
48 58
48 90
48 185
49 59
49 129
50 58
50 72
50 76
50 82
50 134
51 139
52 66
52 86
52 95
52 164
53 60
54 62
54 67
54 68
54 90
54 99
55 69
55 72
55 88
55 180
56 83
57 65
57 95
57 184
58 89
58 101
59 91
59 150
59 151
60 158
61 64
61 65
61 70
62 86
65 66
65 74
66 94
66 95
67 71
67 120
67 122
68 78
68 91
69 162
70 113
71 113
71 161
71 165
71 186
72 95
72 168
73 151
74 169
76 90
77 94
77 112
77 187
79 81
79 90
79 92
79 94
79 136
80 139
81 111
83 174
84 88
84 94
84 138
84 167
86 96
87 133
88 98
88 151
89 134
90 99
92 94
93 173
96 108
99 100
99 102
99 103
99 105
99 106
99 107
99 108
99 109
99 125
99 132
99 137
99 140
99 144
99 146
99 153
99 155
99 156
99 159
99 160
99 170
99 171
99 175
99 180
99 181
99 183
99 185
100 111
100 126
100 133
100 143
101 167
102 122
102 178
104 147
105 116
105 117
105 120
105 123
105 131
106 115
106 172
106 173
107 136
107 139
107 158
108 112
109 165
110 159
111 112
111 129
112 151
114 153
115 118
115 119
115 128
115 152
118 150
118 151
119 179
120 127
121 142
122 130
122 162
123 128
128 148
128 171
132 184
135 176
135 187
145 163
145 186
147 170
154 156
157 179
161 168
167 182
171 176
